0.00888429638372 0.00345485285189
0.00611408144013 0.00324059085744
0.01164826589459 0.00406109414504
0.01064479737274 0.00541522740855
0.00776319217881 0.00318092302388
0.00812905991934 0.00357419031078
0.01164037282240 0.00326158936264
0.01140921487153 0.00413101440470
0.00722061978418 0.00301551832773
0.00702560440897 0.00370996516344
0.00869413906836 0.00344360887355
0.00681906964803 0.00352919178165
0.00794833013395 0.00354593646042
0.00589530705234 0.00399264310218
0.01163380201935 0.00451401300122
0.00832858683205 0.00394238251156
0.01382524050812 0.00456860599422
0.00561659802470 0.00420865614516
0.01083020271410 0.00407952721907
0.00859150236471 0.00359064754238
0.00850052764133 0.00296991254301
0.00708543816539 0.00474925319188
0.01075645287458 0.00523401688574
0.00705479319857 0.00365989521676
0.00892454853743 0.00309719725886
0.00743188867609 0.00315460184336
0.00799901762897 0.00337278363976
0.00888624867501 0.00329197957607
0.01077373812328 0.00440503953470
0.00910179410292 0.00347746958597
0.00853885401224 0.00396550909065
0.00912202644675 0.00319518332978
0.01118206603656 0.00426892500503
0.01015843235563 0.00428493120102
0.00734028899831 0.00331448307597
0.01038868055709 0.00314613206560
0.00867800620883 0.00433336951530
0.00837209538169 0.00471514467895
0.01004089505365 0.00324636624213
0.00646916476303 0.00406054662798
0.00645713829497 0.00366127634530
0.00648465468577 0.00419083225487
0.00834919079022 0.00324564422538
0.00938116285621 0.00416337446223
0.01076743144287 0.00423629460816
0.00937095324622 0.00564369620818
0.01050898576166 0.00477595399745
0.00777946244820 0.00398016642905
0.00839886157243 0.00403104281787
0.01158996647129 0.00391702007667
0.01025048267993 0.00326854492518
0.00569911610697 0.00447844730584
0.00695321207822 0.00302140052607
0.01234173054075 0.00369168847102
0.00633161376087 0.00484365450695
0.01218222002272 0.00372185016713
0.00943716298000 0.00482975977932
0.00671111431471 0.00357142269526
0.00962690858565 0.00387375942005
0.00803189248921 0.00326778320550
0.00960452923401 0.00486611842747
0.00866828684189 0.00408549054114
0.00375514526096 0.00295237604480
0.00878463277458 0.00327565559946
0.00921139820577 0.00437307718704
0.00542498728782 0.00392486711675
0.00932802244086 0.00360676061795
0.00859743490062 0.00428652428830
0.00636286962255 0.00382865336524
0.00979798393317 0.00383683335926
0.01230234813290 0.00426025104221
0.00864464610722 0.00414945947661
0.01054154320512 0.00286806201573
0.00708831442810 0.00291286443103
0.01163852915278 0.00599335342771
0.00817204033808 0.00398230024855
0.01104908429473 0.00545415555574
0.00859519804351 0.00285501035046
0.01305008042047 0.00392871299053
0.00748261117206 0.00434281121437
0.00715476009133 0.00373865659412
0.00652320611714 0.00269595557267
0.00877054461862 0.00354130074307
0.00524740780507 0.00424516672966
0.00550666523036 0.00470593964609
0.00979164118219 0.00292703885612
0.01121739707769 0.00435164476202
0.00756599217056 0.00240806718916
0.00981606790911 0.00388188202944
0.01072813408369 0.00276820930041
0.00722157450837 0.00351558903261
0.00651955261657 0.00445914185477
0.01167259651036 0.00571885762374
0.00932197868137 0.00416900116476
0.00805372914621 0.00445964756324
0.00972348137246 0.00435649411843
0.00686944147722 0.00382601671701
0.00684885394647 0.00386300870284
0.01041092660715 0.00321908107806
0.00641330278386 0.00426467114740
0.00702413268410 0.00385033687513
0.00867093793548 0.00378068033437
0.01351544330231 0.00395862587778
0.00918081587559 0.00351837797959
0.00715331545712 0.00438454107356
0.01115333236668 0.00343507461320
0.00601411790670 0.00320451407841
0.00651397563230 0.00399807317074
0.00799740066312 0.00305016971816
0.01011473818672 0.00469550708087
0.00843295352723 0.00384473428883
0.00706119046684 0.00385390603125
0.01065854885112 0.00437064165053
0.00987515450553 0.00393491600017
0.01182220317246 0.00471867249130
0.00855251011275 0.00561366993167
0.01477085902079 0.00845346811645
0.00934485129315 0.00306402317103
0.01223203140055 0.00372174068798
0.00821486755783 0.00364710095291
0.01124591119311 0.00405197465542
0.00900731424126 0.00465046307639
0.00534970855255 0.00382262611793
0.00882713168158 0.00425439493013
0.00607807192147 0.00386553970810
0.01023086806625 0.00372478968859
0.01254734630123 0.00492250170094
0.00929255427478 0.00474094355635
0.04076438843701 0.03526010922086
-0.01078810994252 0.01063104995725
0.01321882271006 0.01675200246328
0.01662703144967 0.01197926103801
0.02200569680862 0.01538139406855
-0.00806373535998 0.01980987880429
-0.00914870994377 0.01364676955254
0.02887625864366 0.02976857919645
-0.01260237905991 0.01841472241974
0.01967869742165 0.02797672134139
0.02999422174209 0.01454379348454
0.01915354768415 0.01414851783966
0.04713483143782 0.03199706711256
0.00471326108321 0.01977530244766
-0.02222268904968 0.02909172081635
0.01708614792838 0.01234395397229
0.03978535272101 0.03518498142997
-0.05561865189009 0.04168658582829
-0.01775649913521 0.01694095441606
-0.05681528834723 0.04154330290469
-0.02489909159055 0.01333630013348
0.02486216601115 0.03841732898177
0.04032755487784 0.01986166538628
-0.01484507006345 0.02762192582762
0.02138324511629 0.02394013486120
0.00095755933030 0.01723824824620
-0.04299773160172 0.02613327263572
0.05353362822730 0.04473609308732
0.03448395457280 0.03081608603125
0.00648367586523 0.01402270734068
-0.02732311101208 0.01419731380120
0.06509658931812 0.04220737687762
-0.02300975267218 0.01645097827339
-0.04683185753368 0.03604657962999
0.00550939422269 0.02254997826206
-0.00293416626845 0.01755138051122
0.05041476726449 0.03644506661842
0.02120740484898 0.01353493724289
0.03838013922853 0.02000961585639
0.00967954396019 0.00997270262533
0.00511942011837 0.01382096944659
0.02761110252456 0.02814378342798
0.00464404603160 0.01511920166650
-0.03478671723827 0.02176179754110
-0.02435879365381 0.03119066998476
0.04385296692444 0.03858179320823
-0.01998175585861 0.01579760388030
0.00196854192647 0.01243936931834
-0.00641159025278 0.01778157938494
-0.03026125392923 0.01894632747126
-0.03811880869660 0.02112201405349
0.03929009355535 0.02570097850273
0.07309601031203 0.04392433114998
-0.02360671089914 0.02531429955105
0.00147570808359 0.01108471918224
-0.05542661395697 0.02484665645834
0.03663372562394 0.02676217755308
-0.00185920722056 0.01747813583007
0.01531658432984 0.03932121396423
-0.05134606903783 0.05267621027417
0.00293154651034 0.01645298877999
0.01954189018583 0.01964357427211
0.00965995644755 0.01189536706668
-0.05246439912484 0.03387385423319
-0.00555664893827 0.01504625264599
0.04632588741353 0.02976030584402
0.00297281577498 0.01483377714428
0.01326859724970 0.01185001793356
0.01775470437218 0.01958831328487
-0.01278620133010 0.02131191029498
-0.04661578406608 0.03081554571340
-0.04384637210727 0.03130256980267
-0.00650115201428 0.02033127818870
-0.03304949018166 0.03916331869848
0.04359945431453 0.02470371161625
-0.03908998055093 0.01746453313674
0.00593240566808 0.01902731041350
-0.05132714289718 0.03508718490111
0.01528184598693 0.02427486907614
-0.01959181245750 0.01586886163916
-0.05516982676427 0.03278007042061
-0.01357162054767 0.01596361266784
-0.03807786369825 0.04739412474843
0.01839602484180 0.01421688368304
0.03422919205757 0.03098120854055
-0.04139271756859 0.03177899935816
-0.04499184269411 0.03565871504483
-0.00187642782403 0.02331031281915
0.01552004659668 0.01639261109513
-0.00804703132623 0.01222053054791
-0.04122590377270 0.02308349321051
-0.03669593662596 0.03006507029382
-0.02102355227841 0.01526519644809
0.07296985212834 0.04512255493652
-0.00384388596514 0.01153851053448
-0.01337630560961 0.03047018422383
0.01420170911001 0.02063522856665
-0.03784134555504 0.03477081194168
0.02358408978507 0.01638973068104
0.00705265676674 0.01682388080592
-0.00059702836164 0.02018088566956
-0.02334367904401 0.02104330127467
-0.03697195415325 0.02572849755705
0.04883539885486 0.04775246081433
-0.04609885030110 0.03448194766893
0.01925000435539 0.02059543337437
-0.00777313130404 0.01763479254977
0.03545871011873 0.02425210980395
0.02201004817713 0.02161064443977
0.05077859750018 0.03676186287221
0.06945437713043 0.05793881675751
-0.03537707541380 0.01760630735832
-0.00781731979404 0.02125504857286
0.00654758520246 0.01931088957641
0.00927131574909 0.01921512297572
0.01161181778337 0.01879075086120
-0.05353043129430 0.02990829343890
0.02640189711264 0.01512838031973
0.01745859829551 0.02070996523433
0.00969552103725 0.01373249483741
-0.02565166283911 0.01735146554522
0.00293813746500 0.01151861510338
-0.00461843000109 0.01575450419067
-0.04263062398811 0.02999441326165
-0.03564075897282 0.03951660679466
0.00671776146431 0.01398130336093
-0.01601767043049 0.02127288302526
0.04765115729638 0.03058998087310
0.04079214590324 0.03533093120677
-0.01076035246220 0.01062245688578
0.01324657994598 0.01681008170585
0.01665478895633 0.01207594750815
0.02203345412029 0.01547109256723
-0.00803597782478 0.01971181706143
-0.00912095275529 0.01357109458539
0.02890401585320 0.02983803230908
-0.01257462219148 0.01836596106825
0.01970645442440 0.02805438256724
0.03002197894544 0.01458727080209
0.01918130474193 0.01417068547023
0.04716258814056 0.03208143214947
0.00474101816784 0.01980121924429
-0.02219493211948 0.02900414086934
0.01711390525739 0.01239879658409
0.03981310939485 0.03527175273767
-0.05559089441304 0.04161448661654
-0.01772874176524 0.01689256377511
-0.05678753100879 0.04146620554876
-0.02487133472440 0.01327771129036
0.02488992251664 0.03845711140114
0.04035531168322 0.01987387998783
-0.01481731274956 0.02757876460979
0.02141100192214 0.02399713741188
0.00098531609277 0.01722583838217
-0.04296997478014 0.02608762762452
0.05356138575461 0.04477600944146
0.03451171156283 0.03088627268011
0.00651143286845 0.01400866578575
-0.02729535401638 0.01417531300746
0.06512434715330 0.04228383395973
-0.02298199569097 0.01635652042017
-0.04680410053424 0.03595373567494
0.00553715098382 0.02260892655044
-0.00290640893756 0.01749486652560
0.05044252460245 0.03652646756872
0.02123516160755 0.01354426844119
0.03840789651336 0.02007081155091
0.00970730135373 0.01000956391978
0.00514717746810 0.01379136570461
0.02763885989744 0.02822344583809
0.00467180327561 0.01509807275890
-0.03475896003623 0.02172250601376
-0.02433103652634 0.03113645726079
0.04388072431942 0.03862764964184
-0.01995399901903 0.01575655571527
0.00199629908676 0.01241330964035
-0.00638383336712 0.01785816783257
-0.03023349721268 0.01891992898589
-0.03809105151332 0.02102954626436
0.03931785108481 0.02577800396783
0.07312376761598 0.04400582780509
-0.02357895388127 0.02523640677854
0.00150346541199 0.01111278752135
-0.05539885686428 0.02478520527006
0.03666148291402 0.02683823027168
-0.00183144970979 0.01755553366265
0.01534434100507 0.03938073074372
-0.05131831128075 0.05262806641856
0.00295930393956 0.01648863687825
0.01956964703416 0.01972007958660
0.00968771348372 0.01200336470098
-0.05243664246462 0.03380435114648
-0.00552889144918 0.01498507724164
0.04635364425367 0.02983759119437
0.00300057249035 0.01489659698143
0.01329635428832 0.01185490260219
0.01778246152680 0.01961586113520
-0.01275844448546 0.02121780080087
-0.04658802673023 0.03074776184769
-0.04381861551747 0.03122083579850
-0.00647339470085 0.02031219057480
-0.03302173321530 0.03911604392016
0.04362721143784 0.02478758566884
-0.03906222332135 0.01742086781115
0.00596016285377 0.01904973027578
-0.05129938600917 0.03500930758447
0.01530960302971 0.02428868538803
-0.01956405506727 0.01583054964127
-0.05514206982490 0.03270666446613
-0.01354386378913 0.01594660263835
-0.03805010660206 0.04734800796124
0.01842378194183 0.01421848549593
0.03425694939590 0.03106555214367
-0.04136496090187 0.03170345329778
-0.04496408540817 0.03559664190993
-0.00184867051035 0.02324834341993
0.01554780353765 0.01637197186457
-0.00801927413266 0.01227694989611
-0.04119814696341 0.02298098051042
-0.03666817983423 0.02998713137700
-0.02099579549726 0.01521958638436
0.07299760894972 0.04520751322229
-0.00381612855027 0.01158950185845
-0.01334854853487 0.03040428511983
0.01422946557197 0.02070617998504
-0.03781358868609 0.03471934188554
0.02361184655554 0.01646173936945
0.00708041408719 0.01686063456308
-0.00056927182132 0.02021375687278
-0.02331592197276 0.02099427609354
-0.03694419680753 0.02564668675355
0.04886315633586 0.04780330010994
-0.04607109323200 0.03440745794314
0.01927776134989 0.02065163243735
-0.00774537414069 0.01760675596016
0.03548646788282 0.02432516021970
0.02203780546265 0.02159620534429
0.05080635483759 0.03684383175861
0.06948213414927 0.05800859126074
-0.03534931827278 0.01753129176383
-0.00778956340393 0.02127805647369
0.00657534240562 0.01932018537508
0.00929907275986 0.01930644409326
0.01163957506168 0.01888798130692
-0.05350267412734 0.02984755072259
0.02642965468617 0.01517960313716
0.01748635530226 0.02078983545910
0.00972327811217 0.01378536684721
-0.02562390581087 0.01733628704714
0.00296589446084 0.01158911605252
-0.00459067326868 0.01580223875623
-0.04260286698602 0.02992561462046
-0.03561300153501 0.03944421887915
0.00674551862643 0.01399357067632
-0.01598991284482 0.02120742168591
0.04767891435303 0.03068441289113
0.00215977050535 0.00173354727933
0.00114292759261 0.00143250051489
0.00540837630999 0.00197307309764
0.00897848288820 0.00232828805867
0.00535277559853 0.00202896023655
0.00148490696510 0.00163393936956
0.00543647872515 0.00166180124434
0.00509244930429 0.00179164059093
0.00261711859578 0.00158171688882
0.00307472942243 0.00148432833114
0.00348156209417 0.00185325239295
0.00059677917602 0.00108265476169
0.00250491317889 0.00128934714517
0.00071770255608 0.00098429496850
0.00089611664295 0.00115705521195
0.00463654926938 0.00151348492378
0.00399459835660 0.00162341633413
0.00116151967260 0.00130225647954
0.00270920215331 0.00191365974250
0.00166871940775 0.00153048435632
0.00244641726451 0.00183635744333
0.00635003607046 0.00134081424636
0.00073360930457 0.00117200635906
0.00220928029021 0.00194976843536
0.00076731425313 0.00113448296857
0.00066874654612 0.00109331353613
0.00074892108326 0.00118790933971
0.00333257978736 0.00158464237322
0.00557235866528 0.00133784095830
0.00246687099589 0.00244233981962
0.00216073842185 0.00202524119147
0.00442903888809 0.00132203378809
0.00394946507646 0.00179798269058
0.00782379496213 0.00244209550377
0.00067920522900 0.00113761317407
0.00298154387402 0.00123916868917
0.00177196832553 0.00196193005221
0.00142883949351 0.00155944215706
0.00399946518469 0.00123616154522
0.00115949380881 0.00137485566796
0.00135195688478 0.00134664752582
0.00117920011715 0.00129445874908
0.00793811565315 0.00197508122001
0.00108526003004 0.00143124155038
0.00174947834294 0.00149052420596
0.00296800636383 0.00150836144205
0.00062741427928 0.00102861950347
0.00069244773245 0.00101451607895
0.00249735949414 0.00149726567892
0.00555422303368 0.00192872871165
0.00184757093017 0.00159782308981
0.00116249350903 0.00172398491785
0.00554900988559 0.00138585174537
0.00084558080505 0.00116706739222
0.00457388515991 0.00163462786394
0.00255657590007 0.00169047689642
0.00110479241377 0.00152746125533
0.00441109785437 0.00193650896329
0.00319154031968 0.00147121161841
0.00064827985670 0.00105941740658
0.00269958856713 0.00272357630290
0.00065636133867 0.00105592306357
0.00219711876736 0.00235731560456
0.00220306274717 0.00140027202422
0.00228569741447 0.00528951855453
0.00256692146143 0.00627381229306
-0.00186696034955 0.00340711577179
0.00601445920344 0.00997759378850
-0.00321690705738 0.00285396842835
-0.00071349883495 0.00379921655204
0.00058847362334 0.00530599022785
-0.00289825621717 0.00314354257864
0.00086155404373 0.00339169487175
-0.00114328231465 0.00322261004595
-0.00186441075934 0.00335486461640
-0.00253981219260 0.00326142416549
0.00318131868313 0.00643394400981
0.00205050318433 0.00518689188375
-0.00170746295746 0.00326297384981
-0.00318601993811 0.00288095075576
-0.00189801851681 0.00398589035369
-0.00183644068342 0.00334903542432
0.00081529600234 0.00385090026545
0.00064262245507 0.00383519072695
0.00358698194570 0.00709894566240
-0.00213102537966 0.00302582052935
-0.00279093893120 0.00311396519236
0.00158768527597 0.00482680818565
0.00288074787913 0.00487229720309
0.00258605425176 0.00565940086820
-0.00168845454283 0.00368441912772
-0.00253607586091 0.00350027176588
0.00260683172490 0.00439398330449
-0.00123128241930 0.00356459996658
-0.00267670703267 0.00317296819923
0.01773649700496 0.00854887381364
-0.00093610260208 0.00385834899513
0.00086546982947 0.00378305127665
-0.00156710861064 0.00373347604753
-0.00388766900181 0.00254202133634
0.00179457514143 0.00590786905215
0.00130117951229 0.00440972526957
-0.00356131253475 0.00261454419391
-0.00200392613616 0.00345439614715
-0.00064730749644 0.00429048912282
-0.00153948660870 0.00357274459588
0.00398915321980 0.00366521621355
0.00497605195091 0.00741251127426
0.00239253727115 0.00506045102394
-0.00222472673842 0.00319080149548
0.00908562043773 0.00868654013933
-0.00292690241799 0.00304251167394
-0.00068645593660 0.00460998806011
0.00865235528958 0.00483138664504
0.00004374215156 0.00485878916712
0.00632393710578 0.00498861676318
-0.00215831131403 0.00332404694744
0.00026711624397 0.00470823036307
-0.00156272134436 0.00338265567967
-0.00247844214294 0.00298484685611
0.00731890906800 0.00678497165291
-0.00248195974365 0.00369970904133
-0.00307528861529 0.00274323544869
-0.00029483525779 0.00430426303732
-0.00191881472728 0.00360469001124
-0.00076686564406 0.00433328796776
0.00694130014126 0.00804886512885
-0.00157579799387 0.00462187038326
-0.00122651315515 0.00396373401919
0.00083757071385 0.00456273697646
0.00029364077214 0.00337525413943
0.00019755256860 0.00479594936296
-0.00128865354246 0.00453959453780
-0.00172438448588 0.00339596214814
0.00033797059840 0.00515542935980
0.00328204942649 0.00562390680691
0.00067057603373 0.00485459348884
0.00259812972914 0.00507653027191
0.00103362173300 0.00495356809801
0.00283302297108 0.00484887124408
0.00092628719483 0.00530618667552
-0.00324350220513 0.00254244909525
0.00853981843830 0.00601079381524
-0.00271133456767 0.00331399113671
0.00010571694498 0.00482779419552
-0.00241621229754 0.00335402064914
-0.00132966128088 0.00418314865187
0.00438083826014 0.00853614622227
-0.00060155790926 0.00419043995589
-0.00102507678360 0.00403475865110
0.00459475375503 0.00786320176234
-0.00120482340420 0.00385146486640
0.00021176490750 0.00468547597073
0.00476630573979 0.00692434879742
0.00040084614765 0.00567907213485
-0.00257346030352 0.00339519889332
0.00076618273912 0.00529281812459
0.00318459454863 0.00488624327100
0.00011441708785 0.00496842765713
0.00240457482875 0.00476758905645
-0.00168417450051 0.00324362484330
-0.00009458880821 0.00352891861883
0.00079206247656 0.00528080724328
0.00200214139292 0.00525777126023
-0.00204838890810 0.00350854916041
0.00164928946800 0.00535300034796
0.00860692795713 0.00670142132189
0.00501966062162 0.00757130704303
-0.00085170770860 0.00455528689525
-0.00050570006706 0.00502439189050
-0.00128645058282 0.00377738970579
-0.00101082046413 0.00415200811913
0.00428799801677 0.00477525363753
0.00084889536283 0.00440439604462
-0.00100056253137 0.00364280532852
-0.00411413388156 0.00253860469868
0.00256641085038 0.00586827131888
-0.00039420719163 0.00398265984097
-0.00303603873747 0.00264775113188
-0.00171680630602 0.00349317930580
-0.00023707262125 0.00446387581296
-0.00194339528614 0.00312789983034
0.00114912449524 0.00433684602800
0.00262524746930 0.00731885808293
-0.00148117016620 0.00341953065670
-0.00140239810185 0.00375994300622
0.00097416205628 0.00441539688446
-0.00290413894747 0.00272451304517
-0.00218499262333 0.00330956600317
-0.00176184626226 0.00368904275833
0.00366811623130 0.00505800257119
-0.00203926558844 0.00321273804730
0.00703185395640 0.00605640172134
-0.00109826362661 0.00401213298518
0.00068352796861 0.00441478184983
-0.00348412288996 0.00272557150614
-0.00249168653094 0.00328364444214
-0.00010134015084 0.00421278772446
0.00076477147338 0.00581653948862
0.00499342547660 0.00663590644329
-0.00304636820638 0.00322946199223
0.00184670663337 0.00498336253453
0.00007393026467 0.00430880635341
-0.00261123020418 0.00322293274599
0.00007343152995 0.00431092392113
0.00473537539114 0.00482395146046
0.00280642847914 0.00718850642389
-0.00059360690095 0.00399703419941
-0.00257578735777 0.00321715139394
-0.00136390550516 0.00365283987113
-0.00126376162761 0.00408741153595
0.00742424657546 0.00806505098325
-0.00161387649299 0.00357702270650
-0.00056196222018 0.00439261322060
-0.00040100454652 0.00494527718808
0.00169455927161 0.00487891497595
-0.00075542275122 0.00370688315352
0.00266364330469 0.00556899786544
0.00966501051835 0.00806829238384
-0.00155868961026 0.00350001351185
-0.00029100369163 0.00535849447532
0.00208570118125 0.00518956785866
-0.00329941964322 0.00277491961259
0.00055597617901 0.00566324940198
0.00427880328607 0.00884853736918
0.00067320869002 0.00497324000084
0.00248525217791 0.00614300057975
-0.00058082373293 0.00481134303572
-0.00099123846084 0.00389698425819
0.00001198585604 0.00426796395546
0.00382381864552 0.00677495749911
-0.00217747707163 0.00347189595110
-0.00176124963687 0.00329209218329
0.00088482242024 0.00564601306520
-0.00163123671400 0.00390717159966
-0.00169169106414 0.00330127095013
-0.00342753210019 0.00268478012474
0.00315058077583 0.00453645255913
-0.00172742739525 0.00338170687424
-0.00079469416162 0.00422063013515
0.00377678502654 0.00510855722583
-0.00083405496397 0.00493267039922
-0.00396368623645 0.00239680256231
-0.00235135559343 0.00310526450305
0.00170084589536 0.00522013035394
0.00078168396964 0.00477718900711
-0.00235187131882 0.00348967084323
-0.00402424086012 0.00242929377107
0.00526501419495 0.00674033641235
0.00201707823563 0.00484104216510
0.00013073553064 0.00374197234431
-0.00140243768433 0.00463887342236
-0.00214714005977 0.00376465902186
0.00039893162958 0.00480413592494
-0.00085800652564 0.00391605829030
0.00386028861590 0.00477938621549
0.00780685245038 0.00937417694543
-0.00239259892490 0.00341216697878
-0.00278679759449 0.00295249733242
0.00070790228383 0.00508530052042
-0.00214844468395 0.00327365206189
-0.00418854562162 0.00223135503875
0.00662872478950 0.00573484988320
-0.00218119870670 0.00315186790992
0.00105658803719 0.00589589338315
-0.00337890310113 0.00284398098152
-0.00122114635604 0.00405153902112
0.00295057674840 0.00605313807809
-0.00054659431390 0.00529658510293
0.00022170653500 0.00430411891893
-0.00022733306074 0.00446358200585
-0.00114242485024 0.00392686339482
0.00018361584473 0.00568349059638
-0.00379949242029 0.00273650530135
0.00383139062021 0.00426821121417
0.00164714184477 0.00505143484913
0.00147037092595 0.00533687860942
-0.00095766561223 0.00403670435397
0.00042779020241 0.00466957991231
-0.00176430658409 0.00327918718053
0.00201112356615 0.00427767029490
0.00688254096384 0.00789007410334
-0.00238928509275 0.00322283151052
0.00525591614857 0.00645810939314
0.00062530716280 0.00490862869234
-0.00096679253084 0.00425216648421
-0.00158006556847 0.00324647147882
-0.00076829559055 0.00502767365296
-0.00076216271210 0.00376531988334
-0.00104267237110 0.00393497508281
-0.00009969537210 0.00514031130642
0.00360433066047 0.00583698323477
0.00311093965701 0.00611390544705
0.00051512184189 0.00347545673445
0.00485726646704 0.00905529163737
-0.00180418063401 0.00305475767335
-0.00187401645665 0.00342252790982
-0.00288638054616 0.00308157279128
0.00025208015070 0.00507074694547
-0.00203208861363 0.00316828331949
0.00908396252718 0.00717183526186
-0.00156999584291 0.00379186330038
-0.00083094720035 0.00425324657390
-0.00179841687090 0.00333095043575
0.00498799688489 0.00494400848206
-0.00294097416927 0.00275498329435
-0.00088324723454 0.00411369743796
-0.00231191702072 0.00338044206753
-0.00246864571858 0.00316858578251
-0.00119439094885 0.00299132731805
0.00043370178103 0.00461669699227
0.00115889732887 0.00490499131955
0.00268351032475 0.00700062391935
0.00388321236384 0.00730492536654
-0.00087439798062 0.00429255090155
-0.00008864321890 0.00406065692636
0.00076015996239 0.00448272367441
0.00859447387355 0.00703855179948
0.00344221577420 0.00662927971021
-0.00223368302113 0.00368250265462
0.00159489691196 0.00102032648768
0.00102759907167 0.00043548288432
0.00168165988427 0.00072791220998
0.00141964102890 0.00061907490449
0.00253486462766 0.00100636890685
0.00207925177536 0.00079460600983
0.00220950963697 0.00085310223620
0.00201752314758 0.00083106830185
0.00135976003161 0.00068544386445
0.00131662646939 0.00078555759868
0.00147927164047 0.00057235876122
0.00136797084235 0.00056162049917
0.00266879832490 0.00098599139620
0.00140770941339 0.00076950838877
0.00157493201130 0.00078856203582
0.00172787740024 0.00095289358949
0.00109214479188 0.00039761333705
0.00219328920470 0.00107978773673
0.00195210147311 0.00065287286951
0.00177434328732 0.00068247004293
0.00171886431977 0.00093871602649
0.00415206025524 0.00201775952426
0.00182091053455 0.00084751916946
0.00154148515051 0.00062515260927
0.00157610130516 0.00066776289283
0.00166244892465 0.00071488768498
0.00165571411345 0.00093519739913
0.00136407139023 0.00064456898552
0.00107177113499 0.00053730850618
0.00157270731865 0.00066418483194
0.00236565073961 0.00098282290424
0.00102557363883 0.00053647335168
0.00195745611681 0.00073685274192
0.00165247068462 0.00060822481550
0.00139038012546 0.00066269489209
0.00120904341661 0.00065784698924
0.00100403763764 0.00050272384958
0.00109606520767 0.00052273352253
0.00171372183081 0.00093537525935
0.00167635905631 0.00057887757458
0.00115463039725 0.00062372295528
0.00377261276304 0.00173683218233
0.00141063361609 0.00053424209247
0.00256288645434 0.00101758901897
0.00120770713801 0.00049042673023
0.00140721723045 0.00079228076514
0.00186510792280 0.00093816245524
0.00272938208445 0.00107423159278
0.00159078197879 0.00073573935166
0.00112688329328 0.00066719798213
0.00128114014696 0.00059590719331
0.00117201657397 0.00048443812553
0.00350178933627 0.00156852962279
0.00140009079257 0.00055928333253
0.00113151525090 0.00051965246996
0.00120709872723 0.00048890840338
0.00164037027161 0.00071499683238
0.00204722135664 0.00094445184789
0.00214486765839 0.00091606511603
0.00169532161977 0.00087596354109
0.00150561791297 0.00057628801705
0.00185563100558 0.00076457747797
0.00115925190493 0.00055261579881
0.00155751291444 0.00070226060598
0.00118825129939 0.00056375584412
0.00114932878358 0.00048199943232
0.00139587055449 0.00061175174666
0.00098741521665 0.00047368518152
0.00150960188109 0.00074437173231
0.00128611774840 0.00070016882356
0.00106638546401 0.00047486478314
0.00170052817077 0.00077499286083
0.00135925667037 0.00051023959821
0.00187706380502 0.00077700863010
0.00181518821202 0.00098783847107
0.00109982919986 0.00056998019302
0.00132749629658 0.00066727607156
0.00116937435741 0.00051007282346
0.00144005426661 0.00059882392922
0.00104855962761 0.00052556250774
0.00158159410711 0.00084086841618
0.00244868702896 0.00098749569245
0.00166135235015 0.00088601550737
0.00152603106307 0.00053387062292
0.00185565930597 0.00079430678676
0.00134745295108 0.00060360754511
0.00346223264775 0.00138922260787
0.00228026423857 0.00098635173874
0.00371084058543 0.00183091079391
0.00286146778895 0.00108899957779
0.00191262548253 0.00063325891559
0.00120038884046 0.00049053195182
0.00138928866577 0.00060473687641
0.00183802175309 0.00079451179810
0.00167040701497 0.00091708374067
0.00186029152117 0.00065805939713
0.00145187993073 0.00055836546475
0.00176638720990 0.00087221662540
0.00351824671696 0.00152780218335
0.00188338060136 0.00082372067996
0.00128255551532 0.00061632329330
0.00125315155440 0.00050697771555
0.00131383085202 0.00052782146797
0.00224558879129 0.00103210667497
0.00161842919342 0.00067977531616
0.00144303435335 0.00057256263552
0.00181884956264 0.00062465618765
0.00108643051850 0.00052406387439
0.00120502672134 0.00053721159423
0.00130019473399 0.00060559533087
0.00150568387122 0.00067360114705
0.00121758106968 0.00062271037218
0.00123312497672 0.00064331727598
0.00110263586165 0.00057436745858
0.00246014896762 0.00090119837967
0.00182331638210 0.00095301064016
0.00360954379500 0.00158522803579
0.00226028598408 0.00095435973222
0.00170946950138 0.00101302231635
0.00121342657271 0.00058801176380
0.00148108465276 0.00072654025332
0.00279096207569 0.00109384865154
0.00152761865189 0.00070764376112
0.00240275424802 0.00133555414797
0.00099678478359 0.00044185560701
0.00112136415910 0.00046398036978
0.00196819159238 0.00076292407359
0.00189834332063 0.00095922749038
